(
seq1:0.00000,
seq2:0.05882,
seq3:0.11765);
